   1 F 07/24/1972  51 A 221 42 130  80  80 221  5 2 4 1 0 1
   2 F 09/01/1977  63 W 112 30  96  62  74 167  6 2 2 2 1  
   3 M 06/26/1967  69 H 148 30 124  68  72 170  9 1 3 4 2 1
   4 M 10/08/1979  72 W 130 30 110  70  69 162  4 4 4 5 3 3
   5 F 10/18/1972  74   210 40 140  82  83 218  8 4 2 5 1 2
   6   08/18/1981  63 H 186 38 132  78  76 204  9 1 1 2 2 0
   7 M 02/02/1957  62 W 165 38 128  76  72 195  6 1 2 2 3  
   8 F 01/26/1976     W 135 29 118  64  84 168 10 4 2 3 0  
   9 F 06/21/1976  60 H 110 27  92  62  81 170  6 2 2 4 3 3
  10 F 09/22/1982  68 W 147 29 132  78  76 188  7 1 3 2 1 3
  11 M 11/13/1974  67 W 259 48 158  90  90 256  7 4 1 4 1 3
  12 M 12/20/1976  70   250 48 144  78  93 305  8 2 1 3 2 2
  13 F 05/15/1972  66 B 276 48 160 102  87 276  4 1 1 3 1 3
  14 M 12/05/1981  69 B 158 30 120  80  67 310  5 4 3 3 3 3
  15 F 02/24/1952  67 W     33 134  82  73 176 11 2 2 4 0 3
  16 M 04/01/1959  62 W 140 29 124  74  65 205  9 2 1 2 2 3
  17 F 04/26/1973  59 B  95 26 108  62  56 158  7 1 1 5 2 3
  18 F 04/12/1964  66 B 155 32 140  80  71 181  7 4 4 5 3  
  19 M 01/01/1973  71 W 216 36 150  88  85 202  6 2 4   3 3
  20 F 10/15/1964  67 A 200 36 148  82 103 216  6 4 1 3 3 3
  21 M             73 H 256 44 162 104  90 240  7 4 3 4 3 1
  22 M 04/23/1982  68 W 165 32 102  70  73 180  5 2 2 4 3 3
  23 F 03/04/1961  63 W 130 28 122  74     187  5 1 3 3 3 3
  24 F 05/14/1981  68   145 30 130  80  87 169  4 4 1 2 3  
  25 F 07/10/1963  61 W 105 27  94  60  61 167  6 3 3 1 2 3
  26 M 04/22/1984  65 B 112 26 106  68  87 174  7 2 1 5 3 2
  27 M 12/05/1956  70 H     30 132  78  65 182  7 1 2 4 3 2
  28 F 03/01/1978  69 H 178 33 148  84  87 176  7 3 1 2 3 3
  29 M 02/27/1974  72 W 227 40 150  86  96 259  8 1 3 3 2 3
  30 M 03/24/1953  76 X 310 50 158  94 110 340  9 2 3 3 3 3
  31 F 04/13/1973  65 W 123 28 112  72  65      7 4 4 1 3  
  32 M 06/29/1984  58 W 148 29 128  70  76 186  7 3 3 3 3 2
  33 F 05/30/1961  63 W 102 26 118  68  68 164  7 1 2   0 2
  34 F             64 W 110 28 112  62  73 160  6 4 3 3 3 3
  35 M 10/23/1979  70 W 220 39 148  78  85 190  4 1 4 3 3 3
  36 F 10/14/1978  71 B 225 39 164 102  87 226  6 1 2 2 3 3
  37 M 09/30/1977  79 W 186 34 138  76  90 190  7 2 1 5 2 3
  38 M 08/23/1968  68 W 169 33 142  80  74 197  7 3 1 4 0  
  39 M 12/15/1977     W 215 39 136  74  82 213  7 3 1 3 0 3
  40 F 12/01/1974  70 H 250 39 144  82  80 180  6 1 1 2 2  
  41 M 06/01/1982  69 H 160 32 134  72  74 236  8 4 4 3 1 3
  42 M 08/01/1974  72 W 310 48 120  80  80 302  8 3 1 2 2 3
  43 M 08/04/1964  67 W 222 39 148  84  90 228  5 1 1 4 2 3
  44 F 08/02/1974  62 W 135 32 124  76  68 194  6 3 2 3 3 2
  45 F 11/01/1975  70 W 190 38 122  72  89 175  6 1 1 3 3 3
  46 M 05/03/1964  65 W 151 35 140  82  86 185  7 3 1 2 3 1
  47 F 08/08/1962  64 W 162 37 142  84  74 176  7 2 2 3 3 1
  48 F 06/05/1972  63 W 116 28 130  70  79 164  7 4 4 4 3 3
  49 F 10/06/1983  61 W 126 30 108  68  86 168  8 2 2 5 3 3
  50 F 01/11/1977  66 W 171 32 132  76  94 186  8 3 1 3 3  
  51 F 03/27/1979  68 H 151 32 128  80  82 182  8 3 2 1 3 2
  52 M             75 A 229 40 148  88  63 217  9 2 2 2 0  
  53 M 02/01/1950  70 W 279 49 166 112  95 190 10 1 2 3 3 3
  54 F 01/29/1967  65 W 149 31 102  68  75 188  3 1 3 3 3 3
  55 F 11/23/1977  64 W 133 29 116  64  68 155  5 4 2 2 3 2
  56 F 12/25/1966  69 W 127 34 128  70  64 173  8 1 2 3 2 3
  57 F 03/24/1975  69 W 169 33 132  74  78 181  7 1 4 2 3 3
  58 M 05/08/1974  69 W 188 34 144  82  86 176  6 3 2 4 3 3
  59 F 03/21/1966  70 W 220 40 150  84  90 245  8 4 3 4 3 2
  60 M 10/23/1969  73 W 205 39 140  82  84 218  7 4 3 3 3 3
  61 M 07/16/1970  68 W 127 30 120  76  80 161  7 1 1 4 3 3
  62 M 09/29/1951  65 W 145 34 130  70  76 173  8 1 2 1 3 3
  63 F 05/20/1982  64 W 102 26  96  64 100 162  6 4 3 2 3 3
  64 F 03/27/1964  69 B 187 39 160 104  86 195  6 1 2 3 3  
  65 M 02/01/1986  66 W 137 31 110  68  70 179  7 1 1 2 3 3
  66 M 01/13/1978  64 W 160 32 124  70  68 158  7 1 1 5 3 3
  67 F 03/29/1965  63 H 115 28 116  76  60 174  8 2 2 3 3 3
  68 M 10/04/1984  71 H 209 38 138  78  78 218  8 2 1 4 3 3
  69 M 09/26/1963  72 H 285 44 158  84  88 345  9 3 3 3 2 3
  70 F 10/18/1962  65 W 122 30 120  80  68 184  9 3 3 3 3 3
  71 F 05/30/1968  63 H 150 32 132  72  80 184  6 1 2 3   2
  72 M 11/14/1967  70 H 190 37 148  84  78 192  6 1 2 4 3 2
  73 M 12/30/1979  70 H 216 39 130  80  90 210  7   3 4 2 2
  74 M 04/15/1988  68 W 143 30 118  76  88 168  7 3 2 4 3 3
  75 F 12/16/1950  63 B 193 38 148  84  80 221  8 2 3 3 3 2
  76 F 12/09/1971  61 H 101 28 110  64  78 165  8 3 3 1 3 3
  77 M 11/08/1983  66 W 176 34 132  84  80 245  9 3 1 2 2 2
  78 M 05/28/1963  59 B 216 40 166 104  68 190  5 4 3 4 3 3
  79 M 08/24/1972  59 W 180 34 138  84  80 176    1 3 3 3 3
  80 F 08/13/1981  64 W 157 31 118  72  70 155  5 4 3 3 3 3
  81 M 09/24/1972  67 B 147 31 160  88  64 160  6 2 4 4 3 2
  82 F 04/24/1971  62 W 115 27  96  60  56 176  7 2 1 2 3 3
  83 F 11/11/1986  64 W 135 30 120  78  88 180    2 1 3 3 3
  84 M 12/03/1958  73 X 195 40 138  84  70 210  6 4 1 5 3 3
  85 F 05/26/1987  66 W 184 40 148  88  62 228  7 1 2 5 3  
  86 F 09/24/1975  65 H 113 26 108  68  72 163  8 1 1 4 2 2
  87 M 03/22/1964  69 W 245 46 150  96  90 188  6 2 3 4 2 3
  88 M 08/27/1958  70 W 220 44 140  86  90 210  6 3 1 3 3 3
  89 F 04/13/1978  60 H 102 26 106  74  88 167  7 3 3 2 2 3
  90 M 05/10/1979  66 W 156 34 136  80  90 176  8 1 1 3 2 3
  91 F 10/15/1972  65 H 163 33 142  84  80 165  4 2 3 5 3 3
  92 F 03/26/1981  63 H 114 28 102  68  78 170  6 2   4 2 3
  93 F 12/15/1973  61 B  98 26  96  62  68 183  6 1 4 1   1
  94 M 01/04/1962  72 W 264 48 154  90  78 227  7 2 1 3 3 3
  95 F 01/30/1976  70 W 165 32 126  80  74 187  8 4 1 2 3 3
  96 M 03/26/1988  75 W 280 49 148  88  70 289  9 2 2 5 3 3
  97 M 08/31/1977  76 W 310 50 180 110  88 256  9 2 4 4 3 3
  98 F 06/21/1966  65 W 180 35 146  86 102 180  6 2 2 3 3 3
  99 F 04/11/1965  60 H 110 29 120  82  74 176    3 1 2 3 3
 100 F 04/09/1974  69 H 128 31 118  64  70 183  4 1 3 1 3 3
 101 M 03/23/1968  69 H 179 37 138  80  94 190  5 3 3 2 2 3
 102 F 12/24/1989  64 W 136 30 116  70  60 176  6 1 4 5 3 3
 103 F 11/15/1968  66 X 145 32 134  74 102 189  6 1 4 4 2 3
 104 F 09/09/1987  62 A 101 28  96  64  95 166  6 4 1 4 3 2
 105 F 08/26/1965  69 W 179 39 138  82  64 184  6 4 1 3 3 3
 106 M 12/22/1967  72 A 189 36 144  84  76 184  7 3 3 3 1 3
 107 M 09/14/1974  72 W 217 42 140  86  84 199  8 2 1 5 2 3
 108 F 10/27/1973  72 H 275 48 106  72  80 254  5 1 3 4 0  
 109 F 12/13/1972  64 W 118    102  60 100 167  4 1 2 3 2 2
 110 M 09/09/1975  68 W 176 35 140  76  95      6 1 3 3 0 2
 111 M 08/05/1976  65 W 174 36 120  80 100 187  7 1 2 5 3 2
 112 F 10/06/1977  65 H 127 33 118  80 110 167  7 4 1 2 3 1
 113 F 03/29/1968  60 A 118 30 110  68  62 178  7 1 2 1 2 3
 114 M             69 B 219 42 168 102  84 208  7 2 3 4 3 2
 115 M 08/24/1954  75 W 222 42 154  92 102 267  6 4 3 4 1 1
 116 F 07/24/1964  70 B 190 38 160  90 100 174  8 3 1 1 2  
 117 F 01/01/1982  68 A 164 30 110  60  90 168  9 2   1 1  
 118 M 03/04/1975  65 W 169 32 122  78  64 179  5 4 3 5 0 2
 119 M 01/10/1976  66 W 175 32 124  84  60 190  6 2 2 3 2 1
 120 M 02/27/1961  69 W 210 43 152  86  82 231  7 4 4 2 1 3
